cpso,f1,Dataset/TestFunctions/Range100/
19367.120560021,3
18769.735772064,2
16590.877493616,2
14349.935736432,3
17272.016813402,3
14986.051777332,2
21372.979296804,2
16637.993886784,3
17556.636651552,3
21154.468386146,2
11979.068620735,3
20615.700154641,2
9461.6642032774,2
10433.807301133,3
18543.217871406,2
18535.19189126,2
16472.139196366,2
19602.352214898,2
15858.591261097,2
8699.995935845,2
17198.969453466,3
17242.07738137,2
14127.420196821,3
12385.328808807,3
16028.55190104,3
15830.121487346,2
20674.69780406,2
23784.621861508,3
21610.743037368,2
20889.080437702,3
Average: 16934.371913143
 
cpso,f2,Dataset/TestFunctions/Range10/
-1.7976893671636E+308,51
-1.7976341778783E+308,21
-1.7976177636612E+308,56
-1.7976668650376E+308,58
-1.7976899055414E+308,45
-1.7976909936575E+308,29
-1.7976926757266E+308,20
-1.7976806572331E+308,31
-1.797693116122E+308,51
-1.7976768502438E+308,50
-1.7976649489864E+308,74
-1.7976439525053E+308,20
-1.7976814622812E+308,54
-1.7976931168895E+308,34
-1.7976901321785E+308,53
-1.7976004928542E+308,63
-1.7976402324825E+308,40
-1.7976501331032E+308,65
-1.7976881633021E+308,70
-1.7976770130416E+308,44
-1.797692588621E+308,30
-1.7976422422268E+308,23
-1.7976922821694E+308,43
-1.7976926716764E+308,58
-1.7976917904717E+308,52
-1.7976884973866E+308,62
-1.7976819389428E+308,48
-1.797689969226E+308,45
-1.797621605767E+308,60
-1.7973716981572E+308,64
Average: -INF
 
cpso,f3,Dataset/TestFunctions/Range100/
197046.60126322,11
282685.95594845,11
259571.7012758,10
244096.0934113,10
206263.20847209,8
140851.47618074,9
245416.30298858,9
244351.83932865,10
195317.67614899,13
244141.41904553,9
230681.04875397,9
208623.03970937,10
129349.18581418,9
177716.69962562,10
146198.97487068,8
157188.57396738,9
187965.76394379,8
278525.46357939,10
129257.88831243,11
235843.1037779,8
255847.14959113,8
261486.89426422,11
190842.13260241,10
133862.73023725,11
231601.74366604,8
200022.04878234,10
192703.85051838,9
219661.16471623,13
313954.59061409,8
147635.13616098,10
Average: 209623.6485857
 
cpso,f4,Dataset/TestFunctions/Range100/
49.344324276927,2
52.843712104631,2
56.244554448371,2
36.900565740926,2
52.978315589294,2
42.75110595135,2
51.967743812563,2
49.339424057897,2
54.187823061641,3
46.444657798604,1
37.932480692951,2
47.701840995163,2
46.77542996411,2
46.131336447796,2
49.880068140542,3
51.755215919603,3
34.713378747286,3
50.755894515425,3
52.519971811308,2
44.410856950835,4
36.815657115099,2
46.664286289011,3
45.482374921141,5
55.656728245228,3
44.680013465904,3
50.84764991798,2
49.026153189542,2
60.039336248393,3
43.213454615291,2
48.682784358273,2
Average: 47.889571313103
 
cpso,f5,Dataset/TestFunctions/Range30/
27795312.444269,3
21074504.750156,4
14944831.065634,3
14416634.301659,4
12512518.467417,3
18351837.597138,5
29449201.313275,3
24858426.990364,4
22627772.041074,3
35660568.309183,3
16751751.921837,3
23111264.041027,3
18286004.734204,3
20214626.984634,4
21390967.880372,3
18761322.589341,2
21151465.995687,3
28179664.221234,3
16629792.969474,2
20781414.209155,4
29558955.061287,3
9121178.7496475,4
22442511.474698,4
16735155.947107,3
26544592.116705,4
19688747.379444,3
37189662.828804,4
20971816.789323,3
21447565.536768,2
24236682.18255,3
Average: 21829558.363116
 
cpso,f6,Dataset/TestFunctions/Range100/
12875.489209568,3
16435.687663499,2
16256.186621037,3
15681.858069067,2
16518.103729814,3
13587.371349659,3
24910.690081673,2
16518.162511095,2
13308.793033288,3
19926.479298938,3
11791.864116432,2
20711.103566928,3
9115.2958468965,3
10362.801412501,3
18253.534767203,3
18520.716218931,2
17107.837032265,2
19797.059025521,3
15804.171874436,3
13272.068900631,2
17088.87874497,3
17088.745963153,3
17790.506882127,2
13090.969543102,4
16073.261243063,2
15496.671672452,3
20932.778709288,2
23656.104953842,3
10315.936049686,3
20027.325503248,3
Average: 16410.548453144
 
cpso,f7,Dataset/TestFunctions/Range1Koma28/
25.740116716215,3
23.960476352077,2
21.535564949836,4
22.910085124788,3
17.717374642686,3
26.142486957229,4
23.718697642756,2
27.790840527326,4
22.133121159909,2
18.618171932792,4
23.813723908488,3
19.392880501945,2
17.155239405409,3
20.990963269323,3
20.442204613726,4
26.339017643367,2
16.623910552922,4
20.402842495216,3
21.458248535369,3
16.833074760934,3
21.271871246232,3
23.00519312157,3
23.094978954148,3
20.118201160366,2
21.76443703542,4
20.316791189391,4
17.55352095947,3
18.271482233111,5
15.718228239772,3
19.477502023422,4
Average: 21.14370826184
 
cpso,f8,Dataset/TestFunctions/Range500/
-304128428.45972,23
-328537929.33357,11
-157910412.47348,16
-500665971.98217,13
-310683257.05968,10
-232183151.20075,13
-3100713130.9756,11
-562725389.22352,17
-3643939577.6778,13
-422209329.45202,11
-2274608481.2018,14
-675069548.09257,11
-83539463.16638,18
-21180170888.071,12
-471878851.88775,16
-210989793.66562,13
-980729984.93117,14
-1001154220.2797,12
-906868224.9852,12
-3254436824.6358,17
-1686994950.3433,16
-1689187990.102,12
-1242341854.6894,13
-606833138.78809,19
-1188815534.1887,17
-655508631.99628,15
-210358780.62816,11
-123214388.22183,13
-1678984231.8254,21
-323566967.88001,15
Average: -1666964977.5806
 
cpso,f9,Dataset/TestFunctions/Range5Koma12/
247.32907005576,3
248.40832956258,3
232.93275627127,3
281.88103097797,2
266.20110464349,2
257.24432622763,2
260.38167514755,3
258.8002439002,2
231.0609021721,2
265.0356029989,3
276.61463175298,2
269.63074425778,3
261.8883399456,2
262.63646800083,3
248.28776994239,3
260.66268104894,2
253.5683087945,3
256.03967356957,2
257.14735546753,2
241.51482405056,3
240.97830077174,3
267.34730675797,5
246.50965222435,4
268.20789936004,3
264.17846230002,3
234.00709691951,3
263.52133762704,3
263.07330853223,3
260.10632253984,3
286.16949243804,4
Average: 257.7121672753
 
cpso,f10,Dataset/TestFunctions/Range32/
18.930705579767,4
1.5849279449559,3
-0.60942664179977,4
18.901437660463,2
18.881181885461,3
18.856616699589,3
5.067042081301,3
18.804592124576,4
-0.14800490215355,3
18.847102955163,3
18.878294279634,3
18.918495726532,2
8.559470323335,3
18.913978259529,3
18.920244357218,2
18.830225383819,3
18.885202246344,2
3.5670659454788,3
18.911249334083,3
18.798372959142,3
18.910267066476,2
18.924430823371,3
18.897988646649,3
18.784194877104,3
18.892691182592,3
18.851366675037,3
6.6797541576051,3
18.790654348609,3
18.887688779762,3
18.885663530776,3
Average: 15.293449143014
 
cpso,f11,Dataset/TestFunctions/Range600/
-10029.805237191,2
-2937.6885276277,3
-10458.773665376,4
-2677.8124247748,2
-12765.975283831,3
-8586.7855481203,3
-18235.823473778,3
-4413.7706269318,2
-187119.58286567,3
-198105.7298345,3
-38148.35320965,3
-260421.37947591,3
-23443.281444442,3
-9225.3552602894,3
-4734.2136189805,2
-3222.759235579,2
-20999.077989064,3
-19967.756690124,3
-10265.228698104,2
-5889.8241479616,2
-1641.0368362026,3
-19590.376183263,2
-7078.9123204899,2
-3185.5122431277,3
-33941.56442686,3
-23775.097435613,3
-157444.5620296,2
-3015.8382818774,2
-1715.2408818277,3
-8414.6898158471,3
Average: -37048.39359042
 
cpso,f12,Dataset/TestFunctions/Range50/
-1.0331574521775E+88,108
-2.1532603060087E+88,123
-8.1756578204224E+87,123
-1.5474306560108E+88,106
-6.7649664040752E+87,115
-1.3793562962542E+88,111
-1.14620961106E+88,111
-1.2210171072474E+88,115
-2.0080291759166E+88,109
-8.5970733320344E+87,108
-2.4367566076601E+88,105
-1.9668774418958E+88,106
-1.8196220331867E+88,103
-4.6260479882016E+88,109
-1.2695084947501E+88,101
-1.9622634545076E+88,98
-9.971425047005E+87,106
-1.1685992505466E+88,101
-1.5538240070134E+88,96
-6.1877604146073E+87,97
-1.2263488516535E+88,100
-2.2296020048156E+88,99
-6.5005033374372E+87,100
-3.4616991198075E+88,100
-8.940435423626E+87,101
-1.5708254556203E+89,110
-1.6485944819417E+88,108
-7.3407531618643E+87,105
-1.8381982981779E+88,99
-2.2193961727011E+88,101
Average: -2.0623970287282E+88
 
cpso,f13,Dataset/TestFunctions/Range50/
-1.036915017925E+88,115
-2.0064406604079E+88,123
-1.4953895963358E+88,125
-1.5461573702324E+88,113
-1.5513675087787E+88,110
-1.3519204558754E+88,116
-1.3234229775581E+88,111
-1.2615224438975E+88,124
-1.9621498444482E+88,108
-8.101129651793E+87,112
-2.4131552958067E+88,112
-1.9970172342015E+88,113
-1.8422256551057E+88,111
-3.7836048967814E+87,107
-1.2418232861123E+88,108
-1.7796738580894E+88,111
-1.009567031055E+88,119
-1.10617548021E+88,112
-1.5610956989152E+88,123
-1.8302048787166E+88,140
-1.2455209625074E+88,137
-2.1413163725383E+88,132
-7.894851241098E+87,120
-5.1222358726715E+87,128
-9.1738678115417E+87,112
-8.2773385788235E+87,135
-1.6809479172332E+88,138
-7.3507924348306E+87,146
-1.720397300005E+88,130
-2.2243114546377E+88,147
Average: -1.4099700116449E+88
 
